0.0
463808.65698362346
1980787.1458914038
55939.16660544519
21622.812527705046
73304.90814081681
8402536.441451468
62189.979539955755
1936412.574593597
112922259.89831194
0.0
531523.15936368
841122.636577201
685118.5536748907
170870.67382676288
4924747.786979431
279523.43363084935
692469.3524207919
98963580.97065505
0.0
2696586.6259075957
2412193.5588285406
1293076.6129851989
2224146.7327259392
1565397.2069334027
503259.4061991516
85319213.58644049
0.0
8008.62414539048
255096.782329976
9818572.387388093
209086.38985412262
2603562.2855426786
118004025.45655324
0.0
173047.6678256832
9268845.513860432
140742.16575762015
2339260.162536104
116068966.71985681
0.0
6908963.936833827
49005.913917974955
1373500.099901768
107357936.18086149
0.0
7475028.606694846
3284991.5845402344
60340978.88463526
0.0
1337685.1051630112
108848769.16040288
0.0
87240741.41269314
0.0
