0.0
264840.98776654305
2468805.884295908
1790675.1978597003
9136478.820030507
4026855.599243084
81583039.83792458
247975385.76835248
198814080.21701375
30855655.20898313
0.0
1169381.26578444
685320.1550626734
6307425.598798172
2682157.71278746
72610813.02262633
232253853.1442131
187268462.10248172
25477420.355213117
0.0
320980.0553284005
2720484.6405277015
829910.774668206
57583883.466069266
205298065.8040454
159870372.82263014
17369194.271334674
0.0
2837594.194196029
1974331.5276344637
59201893.958987564
207707375.88821462
172274838.9799314
17806379.302713614
0.0
4512494.832629868
36117939.11083708
162088485.7359986
144153511.7174073
6464658.9209193215
0.0
59948290.16236078
209512716.84451324
148055207.69656405
19828956.823029153
0.0
45479972.75682867
91123813.58401167
12209590.289484497
0.0
132814230.481027
103887566.0261515
0.0
118448007.84575249
0.0
