0.0
418519.1544803108
2610978.8281188374
27939.05568400862
9909.315193875678
1079161.3038366504
120213.94189946611
48797.59805085688
20288.8328047618
14721852.549898388
0.0
951249.9267351239
662719.9782169615
557016.7660518227
169806.69337395654
94660.2925410118
753116.896604279
254655.5910267769
10213929.581052689
0.0
3176247.7064399547
2942093.539130531
448752.9178805275
1645501.0395388512
3369573.0048508164
2175463.9960034215
5265095.731597136
0.0
4612.020874790311
1449804.30927412
262771.31547539425
2893.3523911904176
95794.16488507217
16021519.891749311
0.0
1291239.8323014905
197785.66284760908
14794.761947390743
58433.44825831919
15483214.184498342
0.0
479082.5399183721
1581179.3143589618
805791.6557660815
7833287.33516361
0.0
320584.6960772738
42333.17724050414
12181905.376356192
0.0
131959.93095981804
16452235.786328167
0.0
13653868.885118114
0.0
