0.0
1211890.648758041
4432888.439119515
162320.79496587714
10042584.912337054
3704177.855371947
81817818.1456029
248381460.34019116
199115647.20693597
30999110.960107584
0.0
1020499.3228011598
487885.6760318796
4349146.232841179
1399167.6897272316
63326198.05663886
215574367.15864864
174451341.49700886
20182180.807773072
0.0
2899502.8372778185
1167555.7650743555
1724829.104933117
48272211.59460083
186997626.0645755
156474014.75889233
12167249.852148775
0.0
7665188.702625144
2610771.6240461236
74732688.77621868
236003885.60246792
190067146.11476678
26728251.594171528
0.0
4638731.552534485
34531256.61479994
158685405.66439158
142524824.55042747
5798072.920837959
0.0
59570950.99096538
208950476.06227705
149669772.49821007
19400171.616250306
0.0
45479972.75682867
91123813.58401167
12209590.289484497
0.0
132814230.481027
103887566.0261515
0.0
118448007.84575249
0.0
