0.0
602.9548488263027
2102.553977579326
1430.2086778758846
3211.4557560606645
3281.488246764413
9517.668232509728
15757.691264458323
20200.259435786043
5588.853634537063
0.0
1500.824883695072
833.4302824675323
2613.9973051948054
2682.5692337662335
8918.813116883115
15335.957402597402
19602.262814935064
5123.066808441558
0.0
674.8275699163852
2062.251068003914
1358.795894977169
7771.22207762557
14980.056095890412
18111.885424657536
4768.923
0.0
1784.5120454545456
1855.5799090909088
8090.510188311688
14506.48588961039
18775.12146103896
4293.5019025974025
0.0
3413.0361785714285
6312.5300119047615
12922.931357142857
16995.133535714285
2710.0564999999997
0.0
9116.0245
16325.2705
17521.517666666663
6110.8325
0.0
7219.196666666668
10690.484333333334
3935.2926666666663
0.0
16003.499
10221.031
0.0
14613.552
0.0
