0.0
770.7373834915085
1500.9934102564105
287.42970773365636
177.59316237363976
276.3264914965034
3104.2857711482065
382.4633301282051
2028.901615784216
12695.554202097901
0.0
737.7135730519481
1056.7995006298163
947.7432364650634
496.33152119047617
2341.017218605991
651.187488095238
1260.5105607142857
11929.300151785714
0.0
1786.8113163428895
1677.666863534846
1226.6603546666668
1605.2701287064187
1379.165172979798
1006.3678264069263
11196.78698181818
0.0
110.21762404606017
561.8492485408023
3388.9826482565923
667.5332295988935
2314.667454756965
12979.13318018672
0.0
452.86133068676713
3280.3591681796074
558.4692581658292
2205.3073830102894
12871.483428978225
0.0
2830.1445281720426
335.951213
1755.105532761905
12421.263079999999
0.0
2778.9457620967737
2380.460958064516
9597.441187096774
0.0
1653.8258869047618
12323.287569444445
0.0
10775.939185714284
0.0
