0.0
779.3972267080745
2102.8649228110594
204.52292364239253
125.59678617977005
1100.833091013825
374.8904224625678
272.93491284339433
171.3651541556152
4170.304532612548
0.0
1327.5839795031056
983.019680661424
904.3702500156849
490.9280581546785
406.70122510554586
1050.9162214834769
609.749321623295
3396.4200031055902
0.0
2306.3802505970657
2227.555856782107
1005.2930456989247
1731.0643066429416
2374.545430478822
1934.086959807074
2513.422660256411
0.0
79.40168444202222
1303.8957233218873
577.4020758222025
69.58987631971816
375.2479208943975
4372.788718801669
0.0
1225.351713180189
499.1578939470968
147.86570909768562
296.25472354226696
4294.952834221333
0.0
728.9243139995409
1372.0922054892176
935.8853379058191
3072.8886904466503
0.0
645.7697774866793
212.18109038688195
3797.8990780180675
0.0
443.49844537759145
4440.719767637059
0.0
4001.0380519416276
0.0
