0.0
1311.039156985083
2369.4121590413606
471.26571999995156
3349.657086008631
3088.0543184882386
9533.17084939759
15772.614899885255
20215.645980206544
5604.200489099255
0.0
1068.9399724025977
840.7225236939923
2137.7882566770186
1781.8226714285715
8228.355075
14909.169510714286
18912.605410714285
4696.975382142857
0.0
1901.208756322721
1176.4504256916996
2162.8021454545456
7168.732963636363
13950.575945454546
17851.806836363638
3737.707
0.0
2883.734536812817
2619.8113862517584
9065.404333333334
15434.460040787624
19748.93569338959
5221.252805907173
0.0
3337.7462608695655
6190.679311594203
12776.883065217391
16873.243673913043
2564.1705434782607
0.0
8896.389208333332
16105.3475
17509.90275
5893.070125
0.0
7219.196666666668
10690.484333333334
3935.2926666666663
0.0
16003.499
10221.031
0.0
14613.552
0.0
